n-power=
4
dm_mass=
0.1
stepsize =
3.374047951142095e-14
fisher matrix =
[[2760697969.063541, -762267079.0940719, -120363591.68781148, 1.191872031677327e+16, 28128341.091311105, -84733910.74993783, 1.1764563579905806e+19], [-762267079.0940717, 503915320.45145917, 31042310.255228397, 4867655696199692.0, 21143119.213257376, 17838195.436689194, -1.2458833723279124e+19], [-120363591.68781148, 31042310.255228397, 14204379.944466067, -1462240597781195.5, -3866415.693862202, 4021118.1142981993, 6.672617882124369e+17], [1.191872031677327e+16, 4867655696199692.0, -1462240597781195.5, 7.873937610552594e+23, 1833659133765545.5, -2266247945309390.0, -3.2826873736511964e+26], [28128341.091311105, 21143119.213257376, -3866415.6938622026, 1833659133765545.5, 5223383.1272486, -4311417.537741155, -1.221819554124726e+18], [-84733910.74993783, 17838195.436689187, 4021118.114298199, -2266247945309390.0, -4311417.537741155, 9746806.251201874, -6.950246020740865e+16], [1.1764563579905806e+19, -1.2458833723279124e+19, 6.672617882124369e+17, -3.2826873736511964e+26, -1.221819554124726e+18, -6.950246020740865e+16, 6.035143175473302e+29]]
sigma_dmeff
from cov matrix =
3.3066623179658416e-15
2-sigma =
8.200522548555288e-15
2-sigma zack's method =
5.140013875911694e-15