n-power=
4.0
dm_mass=
10
stepsize =
1.0669676460233537e-11
fisher matrix =
[[2760697969.063541, -762267079.0940719, -120363591.68781148, 1.191872031677327e+16, 28128341.091311105, -84733910.74993783, 2.5879336506951856e+16], [-762267079.0940717, 503915320.45145917, 31042310.255228397, 4867655696199692.0, 21143119.213257376, 17838195.436689194, -2.729486204203146e+16], [-120363591.68781148, 31042310.255228397, 14204379.944466067, -1462240597781195.5, -3866415.693862202, 4021118.1142981993, 1441781879042715.0], [1.191872031677327e+16, 4867655696199692.0, -1462240597781195.5, 7.873937610552594e+23, 1833659133765545.5, -2266247945309390.0, -7.144190985042976e+23], [28128341.091311105, 21143119.213257376, -3866415.6938622026, 1833659133765545.5, 5223383.1272486, -4311417.537741155, -2658021881939334.5], [-84733910.74993783, 17838195.436689187, 4021118.114298199, -2266247945309390.0, -4311417.537741155, 9746806.251201874, -166268014105814.2], [2.5879336506951856e+16, -2.729486204203146e+16, 1441781879042715.0, -7.144190985042976e+23, -2658021881939334.5, -166268014105814.2, 2.844079536249516e+24]]
sigma_dmeff
from cov matrix =
1.5673706416011471e-12
2-sigma =
3.887079191170845e-12
2-sigma zack's method =
1.8313030456149892e-13
