n-power=
4
dm_mass=
1
stepsize =
6e-13
fisher matrix =
[[2760697969.063541, -762267079.0940719, -120363591.68781148, 1.191872031677327e+16, 28128341.091311105, -84733910.74993783, 3.356744140141971e+17], [-762267079.0940717, 503915320.45145917, 31042310.255228397, 4867655696199692.0, 21143119.213257376, 17838195.436689194, -3.5542061167456544e+17], [-120363591.68781148, 31042310.255228397, 14204379.944466067, -1462240597781195.5, -3866415.693862202, 4021118.1142981993, 1.894881968561595e+16], [1.191872031677327e+16, 4867655696199692.0, -1462240597781195.5, 7.873937610552594e+23, 1833659133765545.5, -2266247945309390.0, -9.349447154457591e+24], [28128341.091311105, 21143119.213257376, -3866415.6938622026, 1833659133765545.5, 5223383.1272486, -4311417.537741155, -3.47823186683666e+16], [-84733910.74993783, 17838195.436689187, 4021118.114298199, -2266247945309390.0, -4311417.537741155, 9746806.251201874, -2021690403025172.0], [3.356744140141971e+17, -3.5542061167456544e+17, 1.894881968561595e+16, -9.349447154457591e+24, -3.47823186683666e+16, -2021690403025172.2, 4.8759511042044e+26]]
sigma_dmeff
from cov matrix =
1.1771579669337688e-13
2-sigma =
2.919351757995747e-13
2-sigma zack's method =
1.8313030456149892e-13