n-power=
2
dm_mass=
0.001
stepsize =
3.177312938897127e-21
fisher matrix =
[[2760697969.063541, -762267079.0940719, -120363591.68781148, 1.191872031677327e+16, 28128341.091311105, -84733910.74993783, 1.8693403090854235e+27], [-762267079.0940717, 503915320.45145917, 31042310.255228397, 4867655696199692.0, 21143119.213257376, 17838195.436689194, -1.8926543047309017e+27], [-120363591.68781148, 31042310.255228397, 14204379.944466067, -1462240597781195.5, -3866415.693862202, 4021118.1142981993, 9.433192144224828e+25], [1.191872031677327e+16, 4867655696199692.0, -1462240597781195.5, 7.873937610552594e+23, 1833659133765545.5, -2266247945309390.0, -4.74911917740145e+34], [28128341.091311105, 21143119.213257376, -3866415.6938622026, 1833659133765545.5, 5223383.1272486, -4311417.537741155, -1.7754478020798287e+26], [-84733910.74993783, 17838195.436689187, 4021118.114298199, -2266247945309390.0, -4311417.537741155, 9746806.251201874, -1.8464895097172452e+25], [1.8693403090854235e+27, -1.8926543047309017e+27, 9.433192144224828e+25, -4.74911917740145e+34, -1.7754478020798287e+26, -1.8464895097172452e+25, 1.2913806881651967e+46]]
sigma_dmeff
from cov matrix =
2.54419597708194e-23
2-sigma =
6.309606023163211e-23
2-sigma zack's method =
3.959255646640607e-23