n-power=
2.0
dm_mass=
0.1
stepsize =
7.98104925987552e-20
fisher matrix =
[[2760697969.063541, -762267079.0940719, -120363591.68781148, 1.191872031677327e+16, 28128341.091311105, -84733910.74993783, 1.3192963415935728e+25], [-762267079.0940717, 503915320.45145917, 31042310.255228397, 4867655696199692.0, 21143119.213257376, 17838195.436689194, -1.384876530561919e+25], [-120363591.68781148, 31042310.255228397, 14204379.944466067, -1462240597781195.5, -3866415.693862202, 4021118.1142981993, 7.228713014443338e+23], [1.191872031677327e+16, 4867655696199692.0, -1462240597781195.5, 7.873937610552594e+23, 1833659133765545.5, -2266247945309390.0, -3.603574851901105e+32], [28128341.091311105, 21143119.213257376, -3866415.6938622026, 1833659133765545.5, 5223383.1272486, -4311417.537741155, -1.339869659084264e+24], [-84733910.74993783, 17838195.436689187, 4021118.114298199, -2266247945309390.0, -4311417.537741155, 9746806.251201874, -9.080182823085716e+22], [1.3192963415935728e+25, -1.384876530561919e+25, 7.228713014443338e+23, -3.603574851901105e+32, -1.339869659084264e+24, -9.080182823085716e+22, 7.20512513554296e+41]]
sigma_dmeff
from cov matrix =
3.1983344251269648e-21
2-sigma =
7.931869374314872e-21
2-sigma zack's method =
4.973686883652343e-21