n-power=
2
dm_mass=
1000.0
stepsize =
5.0357016471766674e-17
fisher matrix =
[[2760697969.063541, -762267079.0940719, -120363591.68781148, 1.191872031677327e+16, 28128341.091311105, -84733910.74993783, 2.294698229750807e+21], [-762267079.0940717, 503915320.45145917, 31042310.255228397, 4867655696199692.0, 21143119.213257376, 17838195.436689194, -2.475472768837883e+21], [-120363591.68781148, 31042310.255228397, 14204379.944466067, -1462240597781195.5, -3866415.693862202, 4021118.1142981993, 1.3037526115545006e+20], [1.191872031677327e+16, 4867655696199692.0, -1462240597781195.5, 7.873937610552594e+23, 1833659133765545.5, -2266247945309390.0, -6.571280833077975e+28], [28128341.091311105, 21143119.213257376, -3866415.6938622026, 1833659133765545.5, 5223383.1272486, -4311417.537741155, -2.4193290306418436e+20], [-84733910.74993783, 17838195.436689187, 4021118.114298199, -2266247945309390.0, -4311417.537741155, 9746806.251201874, -1.125627428988836e+19], [2.294698229750807e+21, -2.475472768837883e+21, 1.3037526115545006e+20, -6.571280833077975e+28, -2.4193290306418436e+20, -1.125627428988836e+19, 2.2639731762023315e+34]]
sigma_dmeff
from cov matrix =
1.8989412713559555e-17
2-sigma =
4.7093743529627696e-17
2-sigma zack's method =
2.953783840672498e-17
