n-power=
2.0
dm_mass=
1.0
stepsize =
8e-19
fisher matrix =
[[3254860224.974521, -838313992.1906285, -224437870.595393, 1.9874521749162856e+16, 56872633.48096748, -87286174.63438074, 1.528236946846961e+23], [-838313992.1906285, 376313591.6190841, 97752195.37769091, -4324877692526130.5, -9203566.99543156, 18992992.56838777, -3.4946561001970043e+22], [-224437870.59539294, 97752195.37769091, 25769250.90648293, -894003341126490.1, -2217694.1338017317, 3926208.340210539, -8.588009075552301e+21], [1.9874521749162856e+16, -4324877692526130.5, -894003341126490.4, 5.047589837743928e+23, 1003701571278259.9, -2216679007145545.5, 2.3117983082832304e+30], [56872633.48096748, -9203566.99543156, -2217694.1338017313, 1003701571278259.8, 2441068.863552512, -4408013.361308197, 5.490192771278849e+21], [-87286174.63438074, 18992992.56838777, 3926208.3402105393, -2216679007145545.5, -4408013.361308197, 9734677.954867143, -1.0152752558866631e+22], [1.528236946846961e+23, -3.494656100197004e+22, -8.588009075552301e+21, 2.3117983082832304e+30, 5.490192771278849e+21, -1.0152752558866631e+22, 1.343532505307571e+37]]
sigma_dmeff
from cov matrix =
1.5558753529997712e-18
2-sigma =
3.858570875439432e-18
