n-power=
0.0
dm_mass=
0.1
stepsize =
1.415891568768276e-26
fisher matrix =
[[2541344108.038636, -487335175.1650552, -135819256.2122977, 2.02071926410754e+16, 54818695.15853991, -85954674.42374833, -2.896258003630331e+30], [-487335175.1650552, 191753639.00562784, 49339990.81445541, -4201492357878549.5, -8448333.133660374, 18076151.6704248, -8.025899511988826e+28], [-135819256.2122977, 49339990.81445542, 13151932.5773979, -957163264536608.1, -2204352.657204268, 4032628.7598444205, -1.32352448160349e+28], [2.0207192641075396e+16, -4201492357878549.5, -957163264536608.1, 5.319720064847968e+23, 1002879514557355.2, -2271511458593777.0, -6.998427808008689e+37], [54818695.15853991, -8448333.133660374, -2204352.657204268, 1002879514557355.2, 2330385.549230009, -4297882.667672092, -1.6345401890578147e+29], [-85954674.42374833, 18076151.6704248, 4032628.7598444205, -2271511458593777.0, -4297882.667672091, 9751016.687015843, 2.9609301356491763e+29], [-2.8962580036303316e+30, -8.025899511988826e+28, -1.3235244816034918e+28, -6.998427808008689e+37, -1.6345401890578143e+29, 2.960930135649176e+29, 1.5414107932436027e+52]]
sigma_dmeff
from cov matrix =
3.689718046274221e-26
2-sigma =
9.150500754760067e-26
