n-power=
0.0
dm_mass=
1000.0
stepsize =
5.636765862528908e-26
fisher matrix =
[[2541344108.038636, -487335175.1650552, -135819256.2122977, 2.02071926410754e+16, 54818695.15853991, -85954674.42374833, -4.156306004800135e+27], [-487335175.1650552, 191753639.00562784, 49339990.81445541, -4201492357878549.5, -8448333.133660374, 18076151.6704248, 1.4355448650947063e+26], [-135819256.2122977, 49339990.81445542, 13151932.5773979, -957163264536608.1, -2204352.657204268, 4032628.7598444205, 4.122995937710846e+25], [2.0207192641075396e+16, -4201492357878549.5, -957163264536608.1, 5.319720064847968e+23, 1002879514557355.2, -2271511458593777.0, -9.812325783496877e+34], [54818695.15853991, -8448333.133660374, -2204352.657204268, 1002879514557355.2, 2330385.549230009, -4297882.667672092, -2.2538355256259287e+26], [-85954674.42374833, 18076151.6704248, 4032628.7598444205, -2271511458593777.0, -4297882.667672091, 9751016.687015843, 4.172625331883993e+26], [-4.1563060048001343e+27, 1.4355448650947067e+26, 4.122995937710846e+25, -9.812325783496877e+34, -2.2538355256259287e+26, 4.172625331883993e+26, 2.703205216279267e+46]]
sigma_dmeff
from cov matrix =
2.1778267017665233e-23
2-sigma =
5.401010220380977e-23
