n-power=
0
dm_mass=
100
stepsize =
3.990524629937759e-26
fisher matrix =
[[2760697969.063541, -762267079.0940719, -120363591.68781148, 1.191872031677327e+16, 28128341.091311105, -84733910.74993783, 3.241253863721072e+29], [-762267079.0940717, 503915320.45145917, 31042310.255228397, 4867655696199692.0, 21143119.213257376, 17838195.436689194, -4.077049271077355e+29], [-120363591.68781148, 31042310.255228397, 14204379.944466067, -1462240597781195.5, -3866415.693862202, 4021118.1142981993, 2.33751376354272e+28], [1.191872031677327e+16, 4867655696199692.0, -1462240597781195.5, 7.873937610552594e+23, 1833659133765545.5, -2266247945309390.0, -1.2321997225019388e+37], [28128341.091311105, 21143119.213257376, -3866415.6938622026, 1833659133765545.5, 5223383.1272486, -4311417.537741155, -4.28195084846327e+28], [-84733910.74993783, 17838195.436689187, 4021118.114298199, -2266247945309390.0, -4311417.537741155, 9746806.251201874, 3.6947080764047885e+27], [3.241253863721072e+29, -4.077049271077355e+29, 2.33751376354272e+28, -1.2321997225019388e+37, -4.28195084846327e+28, 3.6947080764047885e+27, 5.958603964290251e+50]]
sigma_dmeff
from cov matrix =
1.4856241113539808e-25
2-sigma =
3.684347796157872e-25
2-sigma zack's method:
2.310849730624298e-25
