n-power=
0
dm_mass=
10
stepsize =
2.8250750892455087e-26
fisher matrix =
[[2760697969.063541, -762267079.0940719, -120363591.68781148, 1.191872031677327e+16, 28128341.091311105, -84733910.74993783, 2.9974568325886067e+30], [-762267079.0940717, 503915320.45145917, 31042310.255228397, 4867655696199692.0, 21143119.213257376, 17838195.436689194, -3.75654718185938e+30], [-120363591.68781148, 31042310.255228397, 14204379.944466067, -1462240597781195.5, -3866415.693862202, 4021118.1142981993, 2.1500942833648147e+29], [1.191872031677327e+16, 4867655696199692.0, -1462240597781195.5, 7.873937610552594e+23, 1833659133765545.5, -2266247945309390.0, -1.1320604711111436e+38], [28128341.091311105, 21143119.213257376, -3866415.6938622026, 1833659133765545.5, 5223383.1272486, -4311417.537741155, -3.936903158491372e+29], [-84733910.74993783, 17838195.436689187, 4021118.114298199, -2266247945309390.0, -4311417.537741155, 9746806.251201874, 3.2757408822352624e+28], [2.9974568325886067e+30, -3.75654718185938e+30, 2.1500942833648147e+29, -1.1320604711111436e+38, -3.936903158491372e+29, 3.2757408822352624e+28, 5.052808924277541e+52]]
sigma_dmeff
from cov matrix =
1.6119472225290914e-26
2-sigma =
3.9976291118721465e-26
2-sigma zacks method:
2.5070051134537103e-26
