n-power=
0.0
dm_mass=
0.01
stepsize =
1.0023744672545445e-26
fisher matrix =
[[2541344108.038636, -487335175.1650552, -135819256.2122977, 2.02071926410754e+16, 54818695.15853991, -85954674.42374833, -2.1561885920457095e+30], [-487335175.1650552, 191753639.00562784, 49339990.81445541, -4201492357878549.5, -8448333.133660374, 18076151.6704248, -4.126933599871868e+29], [-135819256.2122977, 49339990.81445542, 13151932.5773979, -957163264536608.1, -2204352.657204268, 4032628.7598444205, -9.319685120512736e+28], [2.0207192641075396e+16, -4201492357878549.5, -957163264536608.1, 5.319720064847968e+23, 1002879514557355.2, -2271511458593777.0, -5.75326954565159e+37], [54818695.15853991, -8448333.133660374, -2204352.657204268, 1002879514557355.2, 2330385.549230009, -4297882.667672092, -1.4102624221915226e+29], [-85954674.42374833, 18076151.6704248, 4032628.7598444205, -2271511458593777.0, -4297882.667672091, 9751016.687015843, 2.414537934351105e+29], [-2.1561885920457095e+30, -4.126933599871867e+29, -9.319685120512736e+28, -5.75326954565159e+37, -1.4102624221915226e+29, 2.414537934351105e+29, 1.6107256963390124e+52]]
sigma_dmeff
from cov matrix =
2.5464726676248123e-26
2-sigma =
6.315252215709534e-26
