n-power=
0
dm_mass=
1
stepsize =
2e-26
fisher matrix =
[[2760697969.063541, -762267079.0940719, -120363591.68781148, 1.191872031677327e+16, 28128341.091311105, -84733910.74993783, 1.75620704287173e+31], [-762267079.0940717, 503915320.45145917, 31042310.255228397, 4867655696199692.0, 21143119.213257376, 17838195.436689194, -2.1890568102706315e+31], [-120363591.68781148, 31042310.255228397, 14204379.944466067, -1462240597781195.5, -3866415.693862202, 4021118.1142981993, 1.2466752421747537e+30], [1.191872031677327e+16, 4867655696199692.0, -1462240597781195.5, 7.873937610552594e+23, 1833659133765545.5, -2266247945309390.0, -6.566067020440922e+38], [28128341.091311105, 21143119.213257376, -3866415.6938622026, 1833659133765545.5, 5223383.1272486, -4311417.537741155, -2.2871134757436399e+30], [-84733910.74993783, 17838195.436689187, 4021118.114298199, -2266247945309390.0, -4311417.537741155, 9746806.251201874, 1.8021992374822343e+29], [1.75620704287173e+31, -2.1890568102706315e+31, 1.2466752421747537e+30, -6.566067020440922e+38, -2.2871134757436399e+30, 1.8021992374822343e+29, 1.7137049659600945e+54]]
sigma_dmeff
from cov matrix =
2.7523233315326356e-27
2-sigma =
6.825761862200936e-27
